 0.00000 
 0.00005 
 0.00016 
 0.00027 
 0.00033 
 0.00029 
 0.00019 
 0.00007 
 0.00000 
 0.00001 
 0.00009 
 0.00018 
 0.00024 
 0.00022 
 0.00014 
 0.00005 
 0.00000 
 0.00001 
 0.00008 
 0.00015 
 0.00019 
 0.00016 
 0.00008 
 0.00002 
 0.00000 
 0.00005 
 0.00015 
 0.00024 
 0.00027 
 0.00022 
 0.00012 
 0.00003 
 0.00000 
 0.00006 
 0.00017 
 0.00027 
 0.00032 
 0.00028 
 0.00017 
 0.00006 
 0.00000 
 0.00003 
 0.00012 
 0.00022 
 0.00028 
 0.00025 
 0.00015 
 0.00005 
 0.00000 
 0.00003 
 0.00012 
 0.00022 
 0.00027 
 0.00024 
 0.00016 
 0.00006 
 0.00000 
 0.00001 
 0.00008 
 0.00016 
 0.00019 
 0.00016 
 0.00008 
 0.00001 
 0.00000 
 0.00006 
 0.00018 
 0.00029 
 0.00033 
 0.00029 
 0.00017 
 0.00006 
 0.00000 
 0.00003 
 0.00013 
 0.00024 
 0.00030 
 0.00028 
 0.00018 
 0.00007 
 0.00000 
 0.00001 
 0.00009 
 0.00018 
 0.00023 
 0.00021 
 0.00013 
 0.00005 
 0.00000 
 0.00003 
 0.00011 
 0.00019 
 0.00023 
 0.00020 
 0.00011 
 0.00003 
 0.00000 
 0.00004 
 0.00014 
 0.00023 
 0.00026 
 0.00022 
 0.00012 
 0.00003 
 0.00000 
 0.00006 
 0.00017 
 0.00027 
 0.00031 
 0.00025 
 0.00014 
 0.00004 
 0.00000 
 0.00006 
 0.00018 
 0.00029 
 0.00033 
 0.00028 
 0.00016 
 0.00004 
 0.00000 
 0.00006 
 0.00020 
 0.00034 
 0.00040 
 0.00035 
 0.00022 
 0.00007 
 0.00000 
 0.00004 
 0.00016 
 0.00030 
 0.00037 
 0.00034 
 0.00022 
 0.00008 
 0.00000 
 0.00001 
 0.00010 
 0.00020 
 0.00025 
 0.00022 
 0.00012 
 0.00003 
 0.00000 
 0.00007 
 0.00021 
 0.00034 
 0.00039 
 0.00033 
 0.00019 
 0.00005 
 0.00000 
 0.00007 
 0.00023 
 0.00039 
 0.00046 
 0.00041 
 0.00026 
 0.00009 
 0.00000 
 0.00004 
 0.00018 
 0.00034 
 0.00043 
 0.00040 
 0.00026 
 0.00009 
 0.00000 
 0.00003 
 0.00017 
 0.00033 
 0.00043 
 0.00040 
 0.00026 
 0.00010 
 0.00000 
 0.00002 
 0.00015 
 0.00030 
 0.00039 
 0.00037 
 0.00025 
 0.00009 
 0.00000 
 0.00001 
 0.00012 
 0.00025 
 0.00031 
 0.00027 
 0.00015 
 0.00003 
 0.00000 
 0.00009 
 0.00026 
 0.00043 
 0.00049 
 0.00041 
 0.00024 
 0.00007 
 0.00000 
 0.00009 
 0.00028 
 0.00048 
 0.00056 
 0.00048 
 0.00029 
 0.00009 
 0.00000 
 0.00008 
 0.00029 
 0.00051 
 0.00061 
 0.00054 
 0.00033 
 0.00010 
 0.00000 
 0.00009 
 0.00034 
 0.00061 
 0.00076 
 0.00070 
 0.00046 
 0.00018 
 0.00000 
 0.00001 
 0.00020 
 0.00044 
 0.00060 
 0.00057 
 0.00037 
 0.00014 
 0.00000 
 0.00005 
 0.00027 
 0.00053 
 0.00067 
 0.00063 
 0.00041 
 0.00015 
 0.00000 
 0.00006 
 0.00029 
 0.00057 
 0.00074 
 0.00068 
 0.00045 
 0.00016 
 0.00000 
 0.00006 
 0.00032 
 0.00064 
 0.00083 
 0.00078 
 0.00052 
 0.00020 
 0.00000 
 0.00003 
 0.00026 
 0.00056 
 0.00073 
 0.00068 
 0.00043 
 0.00014 
 0.00000 
 0.00012 
 0.00045 
 0.00082 
 0.00102 
 0.00093 
 0.00059 
 0.00021 
 0.00000 
 0.00010 
 0.00046 
 0.00089 
 0.00113 
 0.00104 
 0.00068 
 0.00024 
 0.00000 
 0.00010 
 0.00051 
 0.00100 
 0.00128 
 0.00119 
 0.00078 
 0.00028 
 0.00000 
 0.00012 
 0.00061 
 0.00121 
 0.00159 
 0.00152 
 0.00105 
 0.00042 
 0.00000 
 0.00002 
 0.00046 
 0.00106 
 0.00148 
 0.00145 
 0.00099 
 0.00038 
 0.00000 
 0.00011 
 0.00069 
 0.00143 
 0.00194 
 0.00190 
 0.00134 
 0.00055 
 0.00000 
 0.00001 
 0.00059 
 0.00141 
 0.00201 
 0.00203 
 0.00145 
 0.00061 
 0.00000 
 0.00001 
 0.00066 
 0.00159 
 0.00227 
 0.00230 
 0.00165 
 0.00069 
 0.00000 
 0.00002 
 0.00078 
 0.00186 
 0.00263 
 0.00263 
 0.00185 
 0.00073 
 0.00000 
 0.00016 
 0.00124 
 0.00270 
 0.00374 
 0.00375 
 0.00268 
 0.00113 
 0.00000 
 0.00001 
 0.00123 
 0.00304 
 0.00441 
 0.00453 
 0.00330 
 0.00141 
 0.00000 
 0.00001 
 0.00158 
 0.00394 
 0.00576 
 0.00598 
 0.00439 
 0.00189 
 0.00000 
 0.00001 
 0.00218 
 0.00546 
 0.00807 
 0.00845 
 0.00627 
 0.00273 
 0.00000 
 0.00001 
 0.00324 
 0.00825 
 0.01236 
 0.01313 
 0.00987 
 0.00435 
 0.00000 
 0.00008 
 0.00566 
 0.01460 
 0.02235 
 0.02435 
 0.01887 
 0.00861 
 0.00000 
 0.00002 
 0.01210 
 0.03312 
 0.05370 
 0.06229 
 0.05177 
 0.02556 
 0.00000 
 0.00086 
 0.05440 
 0.17596 
 0.36078 
 0.58114 
 0.79213 
 0.94446 
 1.00000 
 0.94446 
 0.79213 
 0.58114 
 0.36078 
 0.17596 
 0.05440 
 0.00086 
 0.00000 
 0.02556 
 0.05177 
 0.06229 
 0.05370 
 0.03312 
 0.01210 
 0.00002 
 0.00000 
 0.00861 
 0.01887 
 0.02435 
 0.02235 
 0.01460 
 0.00566 
 0.00008 
 0.00000 
 0.00435 
 0.00987 
 0.01313 
 0.01236 
 0.00825 
 0.00324 
 0.00001 
 0.00000 
 0.00273 
 0.00627 
 0.00845 
 0.00807 
 0.00546 
 0.00218 
 0.00001 
 0.00000 
 0.00189 
 0.00439 
 0.00598 
 0.00576 
 0.00394 
 0.00158 
 0.00001 
 0.00000 
 0.00141 
 0.00330 
 0.00453 
 0.00441 
 0.00304 
 0.00123 
 0.00001 
 0.00000 
 0.00113 
 0.00268 
 0.00375 
 0.00374 
 0.00270 
 0.00124 
 0.00016 
 0.00000 
 0.00073 
 0.00185 
 0.00263 
 0.00263 
 0.00186 
 0.00078 
 0.00002 
 0.00000 
 0.00069 
 0.00165 
 0.00230 
 0.00227 
 0.00159 
 0.00066 
 0.00001 
 0.00000 
 0.00061 
 0.00145 
 0.00203 
 0.00201 
 0.00141 
 0.00059 
 0.00001 
 0.00000 
 0.00055 
 0.00134 
 0.00190 
 0.00194 
 0.00143 
 0.00069 
 0.00011 
 0.00000 
 0.00038 
 0.00099 
 0.00145 
 0.00148 
 0.00106 
 0.00046 
 0.00002 
 0.00000 
 0.00042 
 0.00105 
 0.00152 
 0.00159 
 0.00121 
 0.00061 
 0.00012 
 0.00000 
 0.00028 
 0.00078 
 0.00119 
 0.00128 
 0.00100 
 0.00051 
 0.00010 
 0.00000 
 0.00024 
 0.00068 
 0.00104 
 0.00113 
 0.00089 
 0.00046 
 0.00010 
 0.00000 
 0.00021 
 0.00059 
 0.00093 
 0.00102 
 0.00082 
 0.00045 
 0.00012 
 0.00000 
 0.00014 
 0.00043 
 0.00068 
 0.00073 
 0.00056 
 0.00026 
 0.00003 
 0.00000 
 0.00020 
 0.00052 
 0.00078 
 0.00083 
 0.00064 
 0.00032 
 0.00006 
 0.00000 
 0.00016 
 0.00045 
 0.00068 
 0.00074 
 0.00057 
 0.00029 
 0.00006 
 0.00000 
 0.00015 
 0.00041 
 0.00063 
 0.00067 
 0.00053 
 0.00027 
 0.00005 
 0.00000 
 0.00014 
 0.00037 
 0.00057 
 0.00060 
 0.00044 
 0.00020 
 0.00001 
 0.00000 
 0.00018 
 0.00046 
 0.00070 
 0.00076 
 0.00061 
 0.00034 
 0.00009 
 0.00000 
 0.00010 
 0.00033 
 0.00054 
 0.00061 
 0.00051 
 0.00029 
 0.00008 
 0.00000 
 0.00009 
 0.00029 
 0.00048 
 0.00056 
 0.00048 
 0.00028 
 0.00009 
 0.00000 
 0.00007 
 0.00024 
 0.00041 
 0.00049 
 0.00043 
 0.00026 
 0.00009 
 0.00000 
 0.00003 
 0.00015 
 0.00027 
 0.00031 
 0.00025 
 0.00012 
 0.00001 
 0.00000 
 0.00009 
 0.00025 
 0.00037 
 0.00039 
 0.00030 
 0.00015 
 0.00002 
 0.00000 
 0.00010 
 0.00026 
 0.00040 
 0.00043 
 0.00033 
 0.00017 
 0.00003 
 0.00000 
 0.00009 
 0.00026 
 0.00040 
 0.00043 
 0.00034 
 0.00018 
 0.00004 
 0.00000 
 0.00009 
 0.00026 
 0.00041 
 0.00046 
 0.00039 
 0.00023 
 0.00007 
 0.00000 
 0.00005 
 0.00019 
 0.00033 
 0.00039 
 0.00034 
 0.00021 
 0.00007 
 0.00000 
 0.00003 
 0.00012 
 0.00022 
 0.00025 
 0.00020 
 0.00010 
 0.00001 
 0.00000 
 0.00008 
 0.00022 
 0.00034 
 0.00037 
 0.00030 
 0.00016 
 0.00004 
 0.00000 
 0.00007 
 0.00022 
 0.00035 
 0.00040 
 0.00034 
 0.00020 
 0.00006 
 0.00000 
 0.00004 
 0.00016 
 0.00028 
 0.00033 
 0.00029 
 0.00018 
 0.00006 
 0.00000 
 0.00004 
 0.00014 
 0.00025 
 0.00031 
 0.00027 
 0.00017 
 0.00006 
 0.00000 
 0.00003 
 0.00012 
 0.00022 
 0.00026 
 0.00023 
 0.00014 
 0.00004 
 0.00000 
 0.00003 
 0.00011 
 0.00020 
 0.00023 
 0.00019 
 0.00011 
 0.00003 
 0.00000 
 0.00005 
 0.00013 
 0.00021 
 0.00023 
 0.00018 
 0.00009 
 0.00001 
 0.00000 
 0.00007 
 0.00018 
 0.00028 
 0.00030 
 0.00024 
 0.00013 
 0.00003 
 0.00000 
 0.00006 
 0.00017 
 0.00029 
 0.00033 
 0.00029 
 0.00018 
 0.00006 
 0.00000 
 0.00001 
 0.00008 
 0.00016 
 0.00019 
 0.00016 
 0.00008 
 0.00001 
 0.00000 
 0.00006 
 0.00016 
 0.00024 
 0.00027 
 0.00022 
 0.00012 
 0.00003 
 0.00000 
 0.00005 
 0.00015 
 0.00025 
 0.00028 
 0.00022 
 0.00012 
 0.00003 
 0.00000 
 0.00006 
 0.00017 
 0.00028 
 0.00032 
 0.00027 
 0.00017 
 0.00006 
 0.00000 
 0.00003 
 0.00012 
 0.00022 
 0.00027 
 0.00024 
 0.00015 
 0.00005 
 0.00000 
 0.00002 
 0.00008 
 0.00016 
 0.00019 
 0.00015 
 0.00008 
 0.00001 
 0.00000 
 0.00005 
 0.00014 
 0.00022 
 0.00024 
 0.00018 
 0.00009 
 0.00001 
 0.00000 
 0.00007 
 0.00019 
 0.00029 
 0.00033 
 0.00027 
 0.00016 
 0.00005 
 0.00000 
