-0.00846 
-0.00030 
 0.04054 
 0.00631 
 0.16558 
 0.08649 
 0.14273 
 0.03465 
 0.18210 
 0.11528 
 0.15045 
 0.16017 
 0.13393 
 0.11964 
 0.21824 
 0.10303 
 0.22411 
 0.17907 
 0.26344 
 0.21615 
 0.27470 
 0.25201 
 0.31634 
 0.18964 
 0.35509 
 0.26136 
 0.36089 
 0.32409 
 0.33045 
 0.25813 
 0.33567 
 0.31741 
 0.45569 
 0.31455 
 0.36938 
 0.39067 
 0.46018 
 0.34664 
 0.44529 
 0.36855 
 0.52809 
 0.41094 
 0.49101 
 0.39872 
 0.53861 
 0.39301 
 0.47732 
 0.53902 
 0.46950 
 0.55230 
 0.63116 
 0.49368 
 0.51883 
 0.48591 
 0.52522 
 0.43004 
 0.53146 
 0.59087 
 0.68844 
 0.51633 
 0.56883 
 0.60329 
 0.58526 
 0.49262 
 0.61311 
 0.56975 
 0.68407 
 0.58839 
 0.72078 
 0.59341 
 0.76275 
 0.67023 
 0.71318 
 0.60293 
 0.74986 
 0.68536 
 0.68258 
 0.67158 
 0.77657 
 0.67938 
 0.74522 
 0.75030 
 0.78999 
 0.71976 
 0.81574 
 0.78773 
 0.82758 
 0.79416 
 0.91313 
 0.80236 
 0.83872 
 0.85076 
 0.88150 
 0.85995 
 0.89418 
 0.90725 
 0.93598 
 0.94098 
 0.94213 
 0.96551 
 1.00000 
 0.98796 
 0.97300 
 0.94179 
 0.91861 
 0.92098 
 0.91005 
 0.92032 
 0.87588 
 0.88464 
 0.87306 
 0.88697 
 0.75648 
 0.85622 
 0.80325 
 0.82170 
 0.77448 
 0.85187 
 0.76092 
 0.78048 
 0.76886 
 0.81447 
 0.69957 
 0.78543 
 0.75760 
 0.73701 
 0.65627 
 0.78553 
 0.65704 
 0.68297 
 0.57256 
 0.72421 
 0.58005 
 0.69377 
 0.58114 
 0.68013 
 0.62084 
 0.72399 
 0.61425 
 0.58006 
 0.59695 
 0.63327 
 0.44465 
 0.52642 
 0.56938 
 0.65264 
 0.53991 
 0.56219 
 0.51357 
 0.52231 
 0.36884 
 0.43171 
 0.49810 
 0.41288 
 0.45754 
 0.52431 
 0.36055 
 0.48399 
 0.37590 
 0.43946 
 0.30613 
 0.44811 
 0.35520 
 0.43675 
 0.30587 
 0.35944 
 0.36541 
 0.40329 
 0.24348 
 0.36496 
 0.32902 
 0.38866 
 0.29934 
 0.28745 
 0.23298 
 0.31628 
 0.20473 
 0.35334 
 0.20752 
 0.25413 
 0.21122 
 0.25307 
 0.18565 
 0.24930 
 0.18567 
 0.28754 
 0.15094 
 0.22998 
 0.19646 
 0.15050 
 0.13777 
 0.14931 
 0.06051 
 0.18508 
 0.05304 
 0.08528 
-0.02017 
 0.11092 
 0.04433 
 0.04683 
 0.00846 
