 2.00002  1.61809  1.46250  1.34146  1.25180  1.16662  1.09981  1.03277  0.97792  0.92197  0.87521  0.82671  0.78526  0.74219  0.70497  0.66606  0.63171  0.59598  0.56397  0.53095  0.50004  0.46974  0.44139  0.41213  0.38540  0.35740  0.33193  0.30518  0.28063  0.25471  0.23090  0.20588  0.18260  0.15815  0.13520  0.11141  0.08872  0.06533  0.04345  0.02003  0.00000 
 1.61809  1.70953  1.47353  1.35237  1.25109  1.17270  1.09776  1.03645  0.97591  0.92452  0.87315  0.82840  0.78342  0.74342  0.70320  0.66673  0.63014  0.59629  0.56262  0.53067  0.49963  0.46938  0.44009  0.41185  0.38389  0.35706  0.33036  0.30458  0.27891  0.25392  0.22911  0.20470  0.18056  0.15648  0.13285  0.10886  0.08542  0.06131  0.03644  0.00000  0.00000 
 1.46248  1.47354  1.58154  1.37422  1.26739  1.17720  1.10561  1.03728  0.98033  0.92419  0.87554  0.82737  0.78471  0.74221  0.70354  0.66523  0.62980  0.59481  0.56160  0.52929  0.49738  0.46797  0.43844  0.40988  0.38200  0.35480  0.32807  0.30187  0.27603  0.25082  0.22556  0.20088  0.17586  0.15163  0.12641  0.10184  0.07556  0.04758  0.00000  0.00000  0.00000 
 1.34147  1.35236  1.37422  1.48231  1.29299  1.19495  1.11230  1.04582  0.98227  0.92846  0.87569  0.82943  0.78379  0.74269  0.70208  0.66466  0.62788  0.59327  0.55950  0.52691  0.49593  0.46504  0.43578  0.40676  0.37877  0.35106  0.32416  0.29737  0.27142  0.24525  0.21988  0.19384  0.16867  0.14212  0.11619  0.08776  0.05665  0.00000  0.00000  0.00000  0.00000 
 1.25177  1.25110  1.26738  1.29299  1.39766  1.22169  1.13035  1.05332  0.99054  0.93075  0.87962  0.82958  0.78505  0.74144  0.70169  0.66268  0.62617  0.59062  0.55674  0.52417  0.49150  0.46176  0.43152  0.40272  0.37385  0.34607  0.31824  0.29147  0.26424  0.23795  0.21080  0.18464  0.15668  0.12925  0.09867  0.06462  0.00000  0.00000  0.00000  0.00000  0.00000 
 1.16663  1.17269  1.17721  1.19494  1.22170  1.32216  1.15688  1.07062  0.99804  0.93846  0.88172  0.83258  0.78472  0.74174  0.69979  0.66109  0.62331  0.58768  0.55326  0.51982  0.48826  0.45646  0.42668  0.39665  0.36792  0.33893  0.31115  0.28279  0.25549  0.22712  0.19979  0.17041  0.14147  0.10878  0.07184  0.00000  0.00000  0.00000  0.00000  0.00000  0.00000 
 1.09977  1.09777  1.10560  1.11230  1.13035  1.15688  1.25232  1.09616  1.01434  0.94549  0.88830  0.83405  0.78666  0.74065  0.69884  0.65824  0.62049  0.58391  0.54880  0.51529  0.48160  0.45112  0.41964  0.38983  0.35962  0.33080  0.30118  0.27274  0.24306  0.21452  0.18361  0.15309  0.11830  0.07862  0.00000  0.00000  0.00000  0.00000  0.00000  0.00000  0.00000 
 1.03278  1.03643  1.03729  1.04581  1.05332  1.07062  1.09616  1.18652  1.03841  0.96015  0.89435  0.83931  0.78718  0.74116  0.69664  0.65593  0.61659  0.57949  0.54378  0.50893  0.47630  0.44313  0.41211  0.38049  0.35047  0.31956  0.28994  0.25885  0.22897  0.19649  0.16437  0.12747  0.08505  0.00000  0.00000  0.00000  0.00000  0.00000  0.00000  0.00000  0.00000 
 0.97788  0.97592  0.98031  0.98228  0.99053  0.99804  1.01434  1.03841  1.12316  0.98226  0.90721  0.84411  0.79077  0.74042  0.69566  0.65258  0.61262  0.57424  0.53748  0.50257  0.46710  0.43507  0.40183  0.37052  0.33812  0.30720  0.27464  0.24342  0.20923  0.17545  0.13640  0.09130  0.00000  0.00000  0.00000  0.00000  0.00000  0.00000  0.00000  0.00000  0.00000 
 0.92199  0.92450  0.92420  0.92845  0.93075  0.93845  0.94549  0.96014  0.98226  1.06129  0.92706  0.85476  0.79394  0.74223  0.69355  0.64973  0.60771  0.56825  0.53066  0.49379  0.45927  0.42395  0.39112  0.35711  0.32474  0.29058  0.25787  0.22198  0.18648  0.14524  0.09743  0.00000  0.00000  0.00000  0.00000  0.00000  0.00000  0.00000  0.00000  0.00000  0.00000 
 0.87517  0.87316  0.87551  0.87570  0.87960  0.88173  0.88830  0.89436  0.90721  0.92706  1.00000  0.87197  0.80232  0.74371  0.69325  0.64588  0.60270  0.56161  0.52214  0.48488  0.44699  0.41284  0.37680  0.34281  0.30691  0.27260  0.23486  0.19756  0.15408  0.10354  0.00000  0.00000  0.00000  0.00000  0.00000  0.00000  0.00000  0.00000  0.00000  0.00000  0.00000 
 0.82673  0.82837  0.82738  0.82941  0.82959  0.83257  0.83406  0.83931  0.84412  0.85476  0.87197  0.93871  0.81677  0.74938  0.69257  0.64309  0.59685  0.55386  0.51311  0.47316  0.43606  0.39766  0.36180  0.32387  0.28775  0.24806  0.20884  0.16301  0.10966  0.00000  0.00000  0.00000  0.00000  0.00000  0.00000  0.00000  0.00000  0.00000  0.00000  0.00000  0.00000 
 0.78522  0.78343  0.78468  0.78380  0.78504  0.78473  0.78664  0.78719  0.79077  0.79395  0.80231  0.81677  0.87684  0.76062  0.69519  0.64002  0.59101  0.54532  0.50199  0.46139  0.41978  0.38212  0.34185  0.30372  0.26179  0.22046  0.17218  0.11592  0.00000  0.00000  0.00000  0.00000  0.00000  0.00000  0.00000  0.00000  0.00000  0.00000  0.00000  0.00000  0.00000 
 0.74221  0.74339  0.74222  0.74267  0.74145  0.74173  0.74066  0.74115  0.74042  0.74223  0.74371  0.74938  0.76062  0.81348  0.70287  0.63891  0.58474  0.53573  0.49031  0.44588  0.40452  0.36123  0.32075  0.27635  0.23268  0.18170  0.12235  0.00000  0.00000  0.00000  0.00000  0.00000  0.00000  0.00000  0.00000  0.00000  0.00000  0.00000  0.00000  0.00000  0.00000 
 0.70492  0.70321  0.70352  0.70209  0.70167  0.69980  0.69882  0.69665  0.69565  0.69356  0.69324  0.69258  0.69518  0.70287  0.74768  0.64215  0.57918  0.52576  0.47594  0.42983  0.38253  0.33953  0.29206  0.24574  0.19181  0.12912  0.00000  0.00000  0.00000  0.00000  0.00000  0.00000  0.00000  0.00000  0.00000  0.00000  0.00000  0.00000  0.00000  0.00000  0.00000 
 0.66607  0.66669  0.66524  0.66464  0.66269  0.66107  0.65825  0.65592  0.65259  0.64972  0.64588  0.64308  0.64003  0.63891  0.64215  0.67784  0.57733  0.51458  0.46085  0.40886  0.36098  0.30962  0.26009  0.20272  0.13635  0.00000  0.00000  0.00000  0.00000  0.00000  0.00000  0.00000  0.00000  0.00000  0.00000  0.00000  0.00000  0.00000  0.00000  0.00000  0.00000 
 0.63166  0.63016  0.62977  0.62789  0.62615  0.62332  0.62047  0.61661  0.61260  0.60772  0.60269  0.59686  0.59100  0.58475  0.57917  0.57734  0.60234  0.50604  0.44214  0.38696  0.32977  0.27650  0.21492  0.14431  0.00000  0.00000  0.00000  0.00000  0.00000  0.00000  0.00000  0.00000  0.00000  0.00000  0.00000  0.00000  0.00000  0.00000  0.00000  0.00000  0.00000 
 0.59600  0.59625  0.59483  0.59324  0.59063  0.58766  0.58392  0.57947  0.57425  0.56823  0.56162  0.55384  0.54533  0.53572  0.52577  0.51458  0.50604  0.51769  0.42481  0.35716  0.29660  0.22918  0.15338  0.00000  0.00000  0.00000  0.00000  0.00000  0.00000  0.00000  0.00000  0.00000  0.00000  0.00000  0.00000  0.00000  0.00000  0.00000  0.00000  0.00000  0.00000 
 0.56391  0.56263  0.56156  0.55952  0.55671  0.55328  0.54877  0.54380  0.53745  0.53067  0.52212  0.51312  0.50198  0.49032  0.47593  0.46086  0.44214  0.42481  0.41846  0.32549  0.24705  0.16452  0.00000  0.00000  0.00000  0.00000  0.00000  0.00000  0.00000  0.00000  0.00000  0.00000  0.00000  0.00000  0.00000  0.00000  0.00000  0.00000  0.00000  0.00000  0.00000 
 0.53098  0.53062  0.52931  0.52686  0.52419  0.51979  0.51531  0.50890  0.50259  0.49376  0.48489  0.47314  0.46140  0.44586  0.42984  0.40884  0.38697  0.35715  0.32550  0.29047  0.18094  0.00000  0.00000  0.00000  0.00000  0.00000  0.00000  0.00000  0.00000  0.00000  0.00000  0.00000  0.00000  0.00000  0.00000  0.00000  0.00000  0.00000  0.00000  0.00000  0.00000 
 0.49996  0.49965  0.49732  0.49595  0.49145  0.48827  0.48155  0.47631  0.46706  0.45929  0.44695  0.43607  0.41974  0.40454  0.38250  0.36099  0.32974  0.29661  0.24702  0.18094  0.00000  0.00000  0.00000  0.00000  0.00000  0.00000  0.00000  0.00000  0.00000  0.00000  0.00000  0.00000  0.00000  0.00000  0.00000  0.00000  0.00000  0.00000  0.00000  0.00000  0.00000 
 0.46977  0.46933  0.46799  0.46500  0.46178  0.45643  0.45113  0.44310  0.43509  0.42392  0.41285  0.39764  0.38214  0.36121  0.33954  0.30960  0.27651  0.22917  0.16453  0.00000  0.00000  0.00000  0.00000  0.00000  0.00000  0.00000  0.00000  0.00000  0.00000  0.00000  0.00000  0.00000  0.00000  0.00000  0.00000  0.00000  0.00000  0.00000  0.00000  0.00000  0.00000 
 0.44133  0.44011  0.43840  0.43579  0.43148  0.42669  0.41961  0.41212  0.40181  0.39114  0.37678  0.36181  0.34183  0.32076  0.29205  0.26010  0.21492  0.15339  0.00000  0.00000  0.00000  0.00000  0.00000  0.00000  0.00000  0.00000  0.00000  0.00000  0.00000  0.00000  0.00000  0.00000  0.00000  0.00000  0.00000  0.00000  0.00000  0.00000  0.00000  0.00000  0.00000 
 0.41215  0.41181  0.40989  0.40673  0.40273  0.39663  0.38984  0.38047  0.37054  0.35709  0.34282  0.32385  0.30373  0.27634  0.24575  0.20271  0.14432  0.00000  0.00000  0.00000  0.00000  0.00000  0.00000  0.00000  0.00000  0.00000  0.00000  0.00000  0.00000  0.00000  0.00000  0.00000  0.00000  0.00000  0.00000  0.00000  0.00000  0.00000  0.00000  0.00000  0.00000 
 0.38535  0.38391  0.38197  0.37878  0.37383  0.36793  0.35960  0.35048  0.33810  0.32475  0.30690  0.28776  0.26178  0.23269  0.19181  0.13635  0.00000  0.00000  0.00000  0.00000  0.00000  0.00000  0.00000  0.00000  0.00000  0.00000  0.00000  0.00000  0.00000  0.00000  0.00000  0.00000  0.00000  0.00000  0.00000  0.00000  0.00000  0.00000  0.00000  0.00000  0.00000 
 0.35741  0.35702  0.35482  0.35103  0.34608  0.33891  0.33081  0.31955  0.30720  0.29057  0.27261  0.24805  0.22047  0.18170  0.12913  0.00000  0.00000  0.00000  0.00000  0.00000  0.00000  0.00000  0.00000  0.00000  0.00000  0.00000  0.00000  0.00000  0.00000  0.00000  0.00000  0.00000  0.00000  0.00000  0.00000  0.00000  0.00000  0.00000  0.00000  0.00000  0.00000 
 0.33189  0.33038  0.32804  0.32417  0.31822  0.31116  0.30116  0.28995  0.27463  0.25787  0.23485  0.20884  0.17217  0.12235  0.00000  0.00000  0.00000  0.00000  0.00000  0.00000  0.00000  0.00000  0.00000  0.00000  0.00000  0.00000  0.00000  0.00000  0.00000  0.00000  0.00000  0.00000  0.00000  0.00000  0.00000  0.00000  0.00000  0.00000  0.00000  0.00000  0.00000 
 0.30520  0.30455  0.30189  0.29735  0.29148  0.28278  0.27275  0.25884  0.24342  0.22197  0.19757  0.16301  0.11592  0.00000  0.00000  0.00000  0.00000  0.00000  0.00000  0.00000  0.00000  0.00000  0.00000  0.00000  0.00000  0.00000  0.00000  0.00000  0.00000  0.00000  0.00000  0.00000  0.00000  0.00000  0.00000  0.00000  0.00000  0.00000  0.00000  0.00000  0.00000 
 0.28058  0.27892  0.27601  0.27143  0.26422  0.25550  0.24305  0.22898  0.20923  0.18649  0.15407  0.10967  0.00000  0.00000  0.00000  0.00000  0.00000  0.00000  0.00000  0.00000  0.00000  0.00000  0.00000  0.00000  0.00000  0.00000  0.00000  0.00000  0.00000  0.00000  0.00000  0.00000  0.00000  0.00000  0.00000  0.00000  0.00000  0.00000  0.00000  0.00000  0.00000 
 0.25473  0.25390  0.25083  0.24523  0.23796  0.22711  0.21453  0.19648  0.17545  0.14524  0.10355  0.00000  0.00000  0.00000  0.00000  0.00000  0.00000  0.00000  0.00000  0.00000  0.00000  0.00000  0.00000  0.00000  0.00000  0.00000  0.00000  0.00000  0.00000  0.00000  0.00000  0.00000  0.00000  0.00000  0.00000  0.00000  0.00000  0.00000  0.00000  0.00000  0.00000 
 0.23085  0.22912  0.22554  0.21989  0.21078  0.19979  0.18360  0.16437  0.13640  0.09743  0.00000  0.00000  0.00000  0.00000  0.00000  0.00000  0.00000  0.00000  0.00000  0.00000  0.00000  0.00000  0.00000  0.00000  0.00000  0.00000  0.00000  0.00000  0.00000  0.00000  0.00000  0.00000  0.00000  0.00000  0.00000  0.00000  0.00000  0.00000  0.00000  0.00000  0.00000 
 0.20590  0.20468  0.20089  0.19383  0.18464  0.17040  0.15310  0.12746  0.09131  0.00000  0.00000  0.00000  0.00000  0.00000  0.00000  0.00000  0.00000  0.00000  0.00000  0.00000  0.00000  0.00000  0.00000  0.00000  0.00000  0.00000  0.00000  0.00000  0.00000  0.00000  0.00000  0.00000  0.00000  0.00000  0.00000  0.00000  0.00000  0.00000  0.00000  0.00000  0.00000 
 0.18256  0.18057  0.17585  0.16867  0.15667  0.14147  0.11829  0.08505  0.00000  0.00000  0.00000  0.00000  0.00000  0.00000  0.00000  0.00000  0.00000  0.00000  0.00000  0.00000  0.00000  0.00000  0.00000  0.00000  0.00000  0.00000  0.00000  0.00000  0.00000  0.00000  0.00000  0.00000  0.00000  0.00000  0.00000  0.00000  0.00000  0.00000  0.00000  0.00000  0.00000 
 0.15817  0.15646  0.15164  0.14211  0.12926  0.10877  0.07863  0.00000  0.00000  0.00000  0.00000  0.00000  0.00000  0.00000  0.00000  0.00000  0.00000  0.00000  0.00000  0.00000  0.00000  0.00000  0.00000  0.00000  0.00000  0.00000  0.00000  0.00000  0.00000  0.00000  0.00000  0.00000  0.00000  0.00000  0.00000  0.00000  0.00000  0.00000  0.00000  0.00000  0.00000 
 0.13516  0.13286  0.12640  0.11620  0.09866  0.07185  0.00000  0.00000  0.00000  0.00000  0.00000  0.00000  0.00000  0.00000  0.00000  0.00000  0.00000  0.00000  0.00000  0.00000  0.00000  0.00000  0.00000  0.00000  0.00000  0.00000  0.00000  0.00000  0.00000  0.00000  0.00000  0.00000  0.00000  0.00000  0.00000  0.00000  0.00000  0.00000  0.00000  0.00000  0.00000 
 0.11142  0.10884  0.10184  0.08776  0.06462  0.00000  0.00000  0.00000  0.00000  0.00000  0.00000  0.00000  0.00000  0.00000  0.00000  0.00000  0.00000  0.00000  0.00000  0.00000  0.00000  0.00000  0.00000  0.00000  0.00000  0.00000  0.00000  0.00000  0.00000  0.00000  0.00000  0.00000  0.00000  0.00000  0.00000  0.00000  0.00000  0.00000  0.00000  0.00000  0.00000 
 0.08869  0.08543  0.07555  0.05666  0.00000  0.00000  0.00000  0.00000  0.00000  0.00000  0.00000  0.00000  0.00000  0.00000  0.00000  0.00000  0.00000  0.00000  0.00000  0.00000  0.00000  0.00000  0.00000  0.00000  0.00000  0.00000  0.00000  0.00000  0.00000  0.00000  0.00000  0.00000  0.00000  0.00000  0.00000  0.00000  0.00000  0.00000  0.00000  0.00000  0.00000 
 0.06534  0.06130  0.04759  0.00000  0.00000  0.00000  0.00000  0.00000  0.00000  0.00000  0.00000  0.00000  0.00000  0.00000  0.00000  0.00000  0.00000  0.00000  0.00000  0.00000  0.00000  0.00000  0.00000  0.00000  0.00000  0.00000  0.00000  0.00000  0.00000  0.00000  0.00000  0.00000  0.00000  0.00000  0.00000  0.00000  0.00000  0.00000  0.00000  0.00000  0.00000 
 0.04343  0.03645  0.00000  0.00000  0.00000  0.00000  0.00000  0.00000  0.00000  0.00000  0.00000  0.00000  0.00000  0.00000  0.00000  0.00000  0.00000  0.00000  0.00000  0.00000  0.00000  0.00000  0.00000  0.00000  0.00000  0.00000  0.00000  0.00000  0.00000  0.00000  0.00000  0.00000  0.00000  0.00000  0.00000  0.00000  0.00000  0.00000  0.00000  0.00000  0.00000 
 0.02003  0.00000  0.00000  0.00000  0.00000  0.00000  0.00000  0.00000  0.00000  0.00000  0.00000  0.00000  0.00000  0.00000  0.00000  0.00000  0.00000  0.00000  0.00000  0.00000  0.00000  0.00000  0.00000  0.00000  0.00000  0.00000  0.00000  0.00000  0.00000  0.00000  0.00000  0.00000  0.00000  0.00000  0.00000  0.00000  0.00000  0.00000  0.00000  0.00000  0.00000 
 0.00000  0.00000  0.00000  0.00000  0.00000  0.00000  0.00000  0.00000  0.00000  0.00000  0.00000  0.00000  0.00000  0.00000  0.00000  0.00000  0.00000  0.00000  0.00000  0.00000  0.00000  0.00000  0.00000  0.00000  0.00000  0.00000  0.00000  0.00000  0.00000  0.00000  0.00000  0.00000  0.00000  0.00000  0.00000  0.00000  0.00000  0.00000  0.00000  0.00000  0.00000 
